14393153
101435772
76520771
301452198
65845502
37039888
129131834
5037152
792659488
804541273
468882630
384758979
258523827
64835943
70304674
78956917
267762037
364304424
173679713
49702090
210444560
243898606
220421389
269424366
428006494
180304552
149074656
146133068
84317415
56303225
68581815
84202464
35156621
97965901
95472853
85435949
175391197
159104567
38743934
200886327
324456598
270761908
177226459
311502117
263459180
41220629
296348663
53031083
210493865
452171
253182020
130162760
32943029
8547876
32467341
129896811
257309246
131149024
80131283
119025306
268180411
3297543
187821050
215300982
128201441
14552205
3552135
126143626
97792546
214559532
156140472
92371888
109433123
161147707
195515819
141211162
70265436
333530006
121888611
116356147
56134427
121661189
208378679
29340576
27886288
62238357
71557048
173979902
219719202
378491907
165682907
199761313
478692251
409387053
381062852
232729922
76097720
252865420
277482666
63526190
77099773
90481986
103560814
26321155
38371853
167792170
73993159
20682605
82379489
40375554
16496617
232805088
290709808
10396273
63562214
226139674
258468783
98871023
366086440
224269243
331956199
357904065
350322065
166864898
180118584
40930348
216669027
144009391
241378935
20219745
529180283
217968230
1220878
2438986
13513348
55185565
76075334
164029851
51685178
45125192
22959450
6596106
1510185
125636831
45667372
295490081
132896430
258440594
32479205
136622612
386937434
157244852
5832835
55382932
96185065
107845200
95450622
129768968
233054716
283128311
160331120
162823367
45154540
92458155
264681881
61650349
50626188
211708072
189461528
127299820
203218389
466685142
73248272
122513551
209402832
15097523
35932060
84267913
84911619
20699760
17882223
425611970
12754289
267516433
214059910
207720665
79290774
215370671
220437014
89994302
507020937
74185883
118421659
65656869
8862393
136873030
129375514
244614417
379041031
202913687
192849503
367988372
40084623
85754292
227748411
24631599
93914542
118633863
60624836
142259828
78462702
33863456
1485014
85045233
64129138
86449241
66289630
149763407
205181237
280981050
116590177
525621781
1072721685
651475805
180105403
4278210
215954617
166302724
87289397
64765602
278642369
238549496
85173559
86738501
199510863
380904760
84332857
240892038
432678484
2199076
8474962
20387036
133858034
292173075
311372567
111851720
237253532
266495423
47124868
11934614
216874969
187207300
82891167
119687290
132649726
44691522
32161079
128303864
133143632
60438546
159963033
109711063
243509485
177847205
241769829
81900199
44111715
37276048
54170177
46735680
183197463
150031719
30038925
19850879
742216645
177372993
129976564
102849134
190455379
146643171
82306552
56501262
143660490
13403382
182700754
461053504
167126712
192302661
222710528
35156467
155558935
16991841
179301377
76800638
7541533
536360842
378852772
107011039
271089604
190420859
258801964
4096559
198727887
36623137
109279000
73148763
33465749
95607998
78632129
210472922
140201366
98397631
31408223
75485636
56122052
100048811
172374421
238490367
142123495
159697023
14360328
99514253
61086748
113748081
233923055
56997898
100279879
249898996
360358712
366283528
113355100
59315627
171590769
263582135
230737586
225238709
304616303
37342251
189541465
224806546
56107882
21302919
76600402
124542793
290657905
235312805
236386264
87642082
67251216
162176421
71026697
109726613
5727438
145779262
58018623
72916904
511593117
71591291
62252881
600882056
27087514
109796746
104055535
18614935
115451962
124957606
65694334
148588558
29435679
187868455
56545013
66591720
182262006
68751223
460572372
25056201
114576659
38102068
38587503
161165006
53754173
95121054
46526593
43859564
35544855
112121683
106592294
29459308
177754008
43800627
227118486
20251473
415906127
103424993
49499523
163881219
210540959
237866995
14972581
116469773
80594811
59488303
106988628
932509926
218201633
327984770
89364563
452392260
134881274
133227790
162350746
67627414
253813524
205919055
95576913
29649336
148378831
166401314
99330972
120952394
131415293
31014390
120893052
104213186
137502446
53948961
160182311
319880197
135373418
96561231
66476197
517611397
460962
164121665
158519026
129054710
66168882
28090889
232642951
481378311
248832042
95643
266891661
54532339
47655303
40193467
137700660
122530226
119546516
246035209
108320587
158820815
65902757
57542639
252703825
105455277
52300890
98674716
14577285
91768502
97445873
77878162
39312930
125443947
174467075
218617943
41479566
226698182
237168621
8356183
36884104
147925987
151923233
121819793
290221993
307968051
389355137
473799367
344855875
308777955
118467368
55245280
138358395
320835465
6335594
24991550
109504896
123182111
34904018
17457184
20655707
192048751
98472299
32941783
93460050
103047718
130964398
111112984
149069900
92870456
229512044
16122989
209252259
87188534
66145426
24299945
4998123
66062908
116892574
202251157
200172222
101829663
5415048
42658362
434477345
394471185
99750175
6655587
172975836
63806157
1283899
12680569
10006503
211483134
181118931
108304727
36991451
97899014
78409166
308079985
34555257
46939145
236796696
55693339
89112926
29424980
206455484
82832923
155898595
19684467
28254873
105782929
251018874
13862102
26417605
49080079
127416947
128962824
47095137
40363780
43686043
53074143
107685325
132255085
299814818
258418796
238430685
238185301
190570185
101606485
216740362
54089160
177458943
20215995
107917170
66656066
84203597
118447792
77993970
318969294
9094110
22950106
179468691
3836694
230147395
93863440
183409025
30430937
43230541
130929021
194034559
315315647
92920106
168029183
125117436
32640777
2100149
132744038
114860019
35366324
3298893
76704288
56767198
144922633
175529888
197579692
43773668
10606199
246271542
33554913
47475472
165706809
3301283
76764284
317184414
209011892
17505523
280450432
10547948
235500259
77956763
191692591
43549204
33006648
113640527
45412409
134348344
163841278
52440872
113800741
159467631
69489394
381120734
205541451
2563020
144205599
118702830
89513270
57893689
94869801
46675131
103875489
79771527
179450271
235450313
58177639
91683599
236702557
46794639
120045213
75316494
38826188
122125281
24454515
49357310
17931258
204333361
4271025
82191488
178289902
46037879
42967539
122703434
90053434
57099091
465986661
278978028
187421680
266781854
52651687
227520585
111572280
105467484
40103430
170127931
4953763
189850157
74191881
43324277
21778053
88513451
11951969
229543551
79424203
45091415
192099681
56110287
349232024
78367269
20661113
65133945
156156946
201027767
74234360
98207238
24892037
96323011
89956980
90880130
173225128
24598755
180948240
188523510
77842974
90069095
279267794
31081062
183629031
112424064
232171965
26679116
487991149
32084460
239517646
232947206
93351425
265971977
84777925
229150224
61791380
172818609
10521106
417511026
291314761
36234221
54801791
111815022
119409820
366272495
1748573
51297580
45826521
47637022
32979490
195139637
87823955
299491048
148935420
184373008
36438362
66956722
81232165
370185345
146263107
6061074
192973106
109267406
19825206
46472594
70884065
17691042
106252932
40373315
152348500
339663749
33338801
65871805
49251595
59510869
46354640
11455646
305452471
479732631
137050218
124992639
106607595
52560776
40798589
49822162
34018278
95987273
147551703
11874060
211585524
120346893
9531782
9360972
36838775
201054931
127787552
100982787
191596336
196667373
1383363
256113
416493161
75470686
61198954
30836822
98581002
27951212
202923755
223617775
451341859
267084756
22430777
111181580
22577652
63703447
32391996
304466655
274240243
101600389
103518141
51069603
228395441
41121241
83862073
126503580
146100202
34146960
18376696
37856242
411949999
321557246
214111497
52882576
20912645
222410173
141633058
109494411
28157496
145475023
240266424
363301129
241017185
60289319
92549169
172433385
256095563
178738728
81396144
185123661
46180446
466678710
9786516
6884877
201934759
151798353
130805727
53363246
48564571
172891055
497361713
62802649
195980635
174033944
241902081
199339296
20589638
4280099
1238681
146147386
199416305
302824613
47926442
144016642
3746023
21818349
42687034
198003825
31546487
101015166
191645591
66278482
86833610
91777711
73187940
115207470
2886810
51426022
60285968
283604011
355429822
441727271
408716994
153839847
64261167
35522846
165505175
13079161
56102967
79048824
80041273
117613537
378947047
123712289
66912079
53698437
216823944
217725193
259411902
261280791
16001908
160893752
164243960
132824743
104465719
10081368
108273300
178045750
180609134
46174949
151615232
204547589
406782928
193554528
46520579
34653625
30115062
130365188
204727340
253678383
435799342
178216428
365415549
125538409
66598161
17441052
11279882
215714248
2189744
25924349
137255760
142349596
279063353
153782226
102695041
131168859
248732577
235747819
168225680
96055487
39138473
139913450
172522320
194056290
129300949
31721419
134902845
95629035
35235261
86916889
189338364
86700042
165207320
63503788
15513802
80196523
27709868
40644761
208805724
343961892
331701712
327273687
241707514
82079626
288689787
550753769
292473945
273391582
427123643
350398546
305094104
193388965
163841368
75734901
96498784
54297627
71784235
184919785
205057309
115700584
50226425
1952219
23385303
259079229
285882794
110027047
32000074
160630966
364235313
240275187
334917141
360444833
107041564
184587264
12887087
3260690
75607861
106331625
35476344
55707256
62783217
91095901
67664175
155903092
26624770
34144670
9243223
128652181
29625065
12272991
133341314
133154922
74054113
174933687
223749973
157517285
39720608
142390345
154791344
159099536
237594535
110678246
141510244
268848594
450034363
321620098
259645528
149634732
73930211
51971728
3737846
270217932
345852546
431876237
83959123
8354413
216418424
152134438
143608911
17708888
23534261
124923318
299571858
16734869
89304909
394772599
40016036
80821439
73362970
104179601
97262400
260947771
163265835
142121359
71377909
121582263
75294418
83686387
126098999
42439338
104650741
167250498
112742076
255418440
132043951
7145843
234380730
205974942
250898404
95413427
177725187
97790919
44949975
43405595
16764295
50075262
68565702
119282068
131248884
86052034
276609168
294317359
236396091
227058613
232593386
171967962
78375014
68451272
92032396
92425106
194773653
56531294
13103393
2934383
36056512
152227514
130919170
8576522
558371
30178179
69172378
177537739
60104647
49093068
13485786
39043758
91049406
236610811
42609528
317548336
102774349
61539582
117086722
216016829
86817175
58544892
22043710
99680769
35628606
383255882
216387091
65527321
16814950
53064340
116720948
103136850
57527667
38203665
28030370
111085487
234240855
48675259
24170142
119856478
128019002
170624938
465901314
217628771
30516093
16233099
308009931
267754243
250143088
329319540
205687100
160262283
99469337
145000416
111474720
18037732
28021932
26643278
55847140
111407567
102940050
229329176
155097341
40388596
81626815
5169527
8037702
375763570
195742230
214987717
263111431
256648483
20217145
143054486
260725924
196984252
34829668
137933554
41949110
78363118
141478899
35454339
16116726
14246591
14026405
92213418
63605058
294396967
209377816
129243056
94549535
16476972
130571087
201039220
253172920
209678661
45573910
453094069
131230333
324465795
69034563
73912929
254711739
18638241
8719058
107408111
255934411
187745801
80195941
7230747
31875311
251513772
100921841
62683979
39363863
46381535
87294883
116261019
73107236
44094568
284289733
107839997
27021671
172844650
156418009
71547996
183039247
126221408
86246274
72549034
57455418
27408022
7624501
125292606
88909145
174212230
66507708
51930959
47554696
121223154
31521638
36081107
17754187
104719698
146657549
29448310
51097283
941904
25003306
40477002
52438351
36197450
39815129
18185025
121008270
339951525
128020922
124969548
278649201
511283116
31339000
46509396
23101272
90311346
54409750
80676218
143018696
128148309
182652827
23971890
51068297
2197222
106973257
46076387
164176022
43161302
139339
101158096
165599815
4269744
3912836
47310355
254901396
284988096
90104918
42911548
155170357
60520772
177669735
467086763
60126543
285763066
278497206
264702087
36572569
173346583
123585156
113657121
16666568
81058560
76781054
175665943
180724369
23117400
53071461
258549725
110570508
68317322
51715342
48698480
104423442
1559075
77706450
197954633
178119914
149779472
5562041
20348492
109577532
184485014
66833913
55607733
114514184
225461064
179025815
106288445
139788624
231362426
54386047
276089854
256225621
6946302
120399815
72962136
99582109
48791106
44245523
86378523
86846561
154511004
114443421
144718554
122562506
203596169
53634434
60875705
320009399
207773393
202669523
308231167
115931213
228325825
50120824
13056424
30225964
7681306
149927344
66847112
269150517
376303494
2255802
521433
16360657
64730287
79201749
136451091
153707980
42268771
67028759
12547834
9063044
65187214
145759518
107418230
257790873
349269692
300789758
134046683
290807490
49564530
53885182
43559815
66154909
242371851
29535179
5197457
38765703
213206497
6192668
169287230
41831594
108391017
56786030
145072164
39502293
102868213
338611491
13678572
4710786
62139121
228847860
114074616
182002443
10201279
138094297
14546199
123238755
261767738
66292666
34413223
189461141
68248986
59772874
90679769
221942632
17686384
54846648
124041204
147102664
231104210
467950582
178523817
111287444
46253936
117296970
95521091
57760654
43735579
18837587
123874176
153649133
359984628
77132865
11688234
1314403
138612524
32905574
411489682
265836160
112467506
3680367
24037914
54774216
103464187
45846009
130724818
37660668
403969324
193024458
502686416
226150703
153871104
419099195
271239155
11154426
85648940
42093235
67934261
37468425
418661922
13533856
143889337
84165995
53777743
55721168
5302597
161447500
77875850
49056541
19602522
141060517
226686592
164549064
153662396
38385858
129803633
9775656
66478079
9509652
50611049
36768247
194924739
108391925
55096448
5585124
16357355
4976058
60489783
167981260
100859378
14294798
147804490
69880032
81032434
229694610
24402821
20735282
65410400
50140438
53168440
264127649
146624946
131119741
73879929
157671538
115705968
107615608
281908358
106187355
207374072
28513360
19564826
148576782
163080871
37631868
345338314
90148509
25670421
213976701
39239393
5417541
132196199
106044763
98376346
35296578
26863506
10837440
6240498
58791740
83546746
30584014
54562019
91882845
148670093
86137209
41661892
115955170
223462626
297125364
113403033
373081955
2504885
193598278
28216858
212513089
3540107
189787104
66008030
65939062
87526944
79089923
42421648
166602280
152464642
138336109
430902256
670254552
111494724
6296081
16538833
188452864
47648779
15122641
129946065
240568855
94510859
59804085
107550471
152979377
124364866
39605957
144861475
95469981
60549259
207649996
165012193
228762291
70012184
113589256
9885518
60824176
114830514
111215520
168237646
182954856
173546158
12341125
211383680
175733915
52693098
210844706
40781420
54891000
239860104
10815240
49524916
94766560
69765676
244698920
191374415
2004453
158639551
220608309
224938661
61721541
297218942
224705400
165197245
225719553
31193045
137137633
36033071
228370337
210830635
98836741
82104110
134902621
262218559
26165850
27819840
15148512
32731658
112729084
333779583
90006033
32614946
110752799
209111831
52792975
13278343
158119973
209795665
222665680
116486762
183504082
200583408
53690038
179584437
83725566
8755765
2533000
214809842
21457892
15776268
64181597
39601167
10519167
39278089
32324638
117093251
81154165
27718012
93151356
209322720
21645751
30241103
32183341
110480251
161809321
157080898
68327415
181031291
145112240
152940409
263087188
51535727
39766884
174602540
128619217
144568020
94968983
111305144
17714114
2294757
140216171
194931742
233794303
51771988
182087962
92313071
188690883
239767117
51342981
395697742
281647709
233438080
60089667
126401332
79175909
363076673
9441601
111315602
69651866
95572830
11718905
3119792
192464520
261154040
78477085
241842323
186056475
106263799
55495351
99237387
58026593
130782656
69217784
67864294
12422856
1005272
442376
114727759
83202097
6876206
108482773
3892714
54210388
142224664
228456790
17708591
170134504
164736523
185642642
75929029
245078269
73770734
170842978
207301041
93549824
69090272
209310605
169240269
16217025
103760389
232263895
97000288
45723278
43786833
28170350
117719315
450972021
86463952
114213235
119598635
13368615
134752688
106122536
73757669
71711262
113007139
104318407
89662556
139629955
69206444
30007318
37524652
141015233
35594591
102398794
130738472
165048120
135274524
135021874
191506158
189817774
112726632
96000468
43656663
234059050
105880662
73791482
262119439
211891298
239432566
382748519
134457388
152972542
72384540
12429727
246013659
67677079
155019970
27667739
130441567
38065384
62939115
17992856
49293455
4993677
157376282
147645982
158572648
220489063
193817793
57931343
194049197
29312834
114410824
209531398
17113245
30246248
72031047
564978
113651717
37785521
99169798
10428581
461915258
82369648
19556146
171646840
25191124
6728995
155713405
207741766
98619500
57195484
301670845
220945800
177258116
141158538
98247233
91991213
215768901
175434610
145670725
18709841
200307940
7358191
144639032
151650085
70627174
144526382
362484324
78520941
54225264
9529969
55808440
212935683
143610446
40024266
162883035
281812368
48123984
84829980
93948379
163920131
29481037
120734450
257435494
157058638
78968849
102034913
53402302
59660164
141000924
176567689
187517050
91043748
49140070
179014087
120703638
170129006
259005285
90879129
40791406
398375158
58174660
316110270
70498366
40523083
55556791
152549492
346035571
147333966
276501216
15217247
154857268
17301592
3105730
194141620
15064135
42305490
1353347
161687870
45991049
97173679
92255966
91861120
161512503
78162451
262694292
202633789
101540376
153400958
146945091
170124130
114648573
19877059
136118589
138888215
78120955
195502463
134744830
54209325
35092573
179704408
21568257
33922302
18730421
127693456
108780706
175918649
188032881
85334540
99831073
203654717
170508555
133109230
118784159
56931148
27921592
127903958
81491303
2776606
18579305
55436873
76097130
18081224
104524630
74921726
129010784
379319788
168581259
168946652
92332303
151369724
19887433
68001125
174315820
185675889
107989840
99457912
102441136
45465108
83205341
59310963
315896588
152926349
201480607
220502125
215924899
18798881
125144877
151634378
166292271
93651779
228470800
7630949
213780183
259804239
181519135
34956761
39698199
13376261
3480476
141997826
84604041
123352103
50284507
170524494
220711373
349156497
111950359
275960959
294681027
151834352
327004083
105019490
51273615
166423048
6384785
167370885
127295062
128085080
23667794
5912864
179128860
118026222
146504502
38530491
65402584
265031719
228294064
32544799
234010168
89930348
286121957
49155408
136718606
155093068
371136321
75195545
16598223
197226134
161720325
40796577
69794524
208156346
220951029
203999870
144968902
18695269
142535838
153534177
162854805
45342336
199528363
113502471
9754732
95156693
30272981
50290030
64343708
42083754
29136494
39053285
259880127
39621198
56883377
104550555
110817784
107713978
185799846
70858665
123449782
164478852
31349287
137111917
124811182
57620098
100593547
400951234
21216882
74839406
208668502
87840876
9559856
2530419
182807426
5825477
215763672
109610248
136051472
87037454
121176217
126485462
48899929
30023808
210822879
24817148
121179091
121391919
93009765
18344759
43192698
69703552
90372935
320828154
66010326
78704071
104825792
168710532
315715512
53464452
205328738
48918744
205392580
161074019
213958056
11847123
226051532
29144643
185713494
117952804
58008922
16345067
118177626
75250344
75482075
261987390
191436843
6815877
83150879
75293011
112417250
146959011
76738027
151198259
27261340
67980809
65720885
92718174
242205111
300930412
67038962
116264621
29811957
176096708
75315612
3077548
137558002
350187769
170002036
198790698
72258934
53301504
264199473
261666797
78873219
175119683
61894796
67750052
220780066
205278659
167560696
186687179
136275311
70853436
379109615
220128395
200525743
127388806
91060548
148889938
220114004
433082241
83786872
174616826
170550104
157831526
58816668
129138245
379335204
23880376
142420867
131926078
143417344
15409060
194131246
18309535
94248649
204104738
79622193
159342116
138441178
247884498
215111573
246328616
203503291
119705231
185012127
182498839
97991959
73865637
32786769
145047981
40519865
37498779
98929325
2993321
155235850
88554913
72094971
56940798
59608228
113386098
90960756
11443606
46424846
305311263
149369456
202330933
276825838
114913515
238979063
161658078
134391600
39045505
47905008
109535580
47366424
435163776
132725614
9811836
124091936
23710841
52085161
10620712
102745595
143859884
73379036
27329902
191338830
130789271
96346275
92824093
120378943
86308117
44700931
9986808
25603852
170080574
42526688
32651031
9693074
13899274
76383017
19938395
80678218
6752722
276272763
274894752
63552804
25714277
24308422
130054298
519858031
105823675
81651812
154183041
105656948
149776244
59411502
9662544
347762997
112185458
48031051
18293554
64547465
211875411
181522499
264792583
215115910
140483798
34690439
212335361
12583809
147165485
84121475
71092353
63777402
85435676
96273273
116534662
87541885
39820350
74317283
39181157
170692436
69068180
115448140
4724245
115104074
36350159
16111581
91566812
411616
220879460
68253582
260924297
176216744
62563828
170120686
257027785
11497953
117486019
18181679
181933548
44436533
155607675
341294856
147323644
76621233
108304693
66606278
5688075
48093166
160389011
119454848
13371243
84726796
16562981
169598189
125097638
150927056
64113660
26878767
53563165
92585588
156182062
44047923
7572423
166440231
23888678
89056766
155834261
12842607
34842867
31221389
48386267
181026020
108745009
243834149
42088300
126157737
25595933
193810636
22499553
31358714
254853087
218188297
26873766
65230870
65198220
11515212
491889630
195487332
141213579
713607450
213933610
6908529
339228309
237213789
289899633
11021007
44116641
246103671
320801087
154608493
83970128
36348660
160409759
124052975
447922810
287360114
450466800
190882982
183750507
149608700
90870531
54066366
11616573
390242829
130444606
125748265
136302259
120202465
59697980
169119207
23879694
189597313
33331736
33112924
190220638
46202245
23075524
400858922
22650381
156854072
182799001
360648165
93402301
201071951
182063338
84808301
336823054
12184619
218538378
300793759
27626923
104111944
417085882
5486568
119736899
198384022
174280975
201610725
311858608
227305318
60539204
43264481
78773770
158892717
298756417
53630329
408901743
52861169
222837145
50402649
35998479
89324960
144702274
116087497
158651987
220881815
9064834
65293601
32347960
26870824
93737115
402151747
204667555
183415895
101327497
94593797
30344954
194473831
19963606
116208467
286999793
155129778
382064847
450786566
55896136
148797498
72916697
197072274
125566661
141408981
253552154
194957687
240961685
42731030
721833629
266515907
229852343
202561457
46297395
37108019
69673257
130272033
7482158
48619828
104417734
97576008
318165282
93633085
153410622
70700634
133480127
54042827
300733923
240949411
99092944
264451772
103569818
32942803
236319885
214914212
167573885
124392015
83928296
408133464
97313860
73535753
89188655
153516549
159074096
194367831
138737875
124008791
77026240
10190809
37665757
23879649
130520164
130183857
38349027
39357021
23434544
312328699
79522524
80981468
109666270
173097442
257273517
125621457
34082390
45846254
47105849
43497406
122120852
12265968
4894532
262465390
243318181
42131865
170218275
209995984
321185254
112305805
15362597
39300102
77009801
87866605
40542125
158741027
276750688
158971766
136002037
23160827
130757731
87213972
23073417
2883152
113949669
66079952
23873790
218850009
244390427
44566719
13343364
60604136
328404255
173962363
29286862
480753761
102352230
230739340
12173547
218972211
264470390
220680041
234312449
27556005
39633304
93887365
111285551
15801871
68972779
25044085
122849357
165135798
40318027
165063406
91522260
387145747
34157988
405155416
80319301
276008024
299070760
275940043
376669905
320833637
152673128
174736131
79321403
67199526
191236980
90080956
188028240
83918810
279251570
367345199
243789965
20314285
83729281
2002666
170518257
203715102
312239659
416724195
34848684
137709599
32754517
2760164
23539094
30694208
106951380
278605988
86310828
220031041
109900514
196099330
5430041
573512
16327895
379496945
510046236
138317732
445832962
28878548
50830224
142750811
265946140
11396124
1740864
33088562
25229203
70553812
194474624
30205172
217882841
112596839
19555162
135046319
34019594
129406386
107820928
153020868
413315546
124397755
255825991
144871620
17545756
196624444
210268352
31336622
146748401
187046253
145758020
142472875
20839104
40335854
82590436
74374968
107972704
184583471
176314400
338872210
144397745
310125378
53505044
39828735
90715539
222159422
125278640
32745655
33101084
50058337
379251167
172526311
119330333
19671359
75231482
429251807
32965843
252016916
16316344
205122433
134685502
32849275
302563233
198351911
32373385
109970182
45471051
113643329
124729907
133466227
108294304
70604624
80964954
23018145
104948614
96188265
216872587
298109039
98495437
112229262
11693637
70682241
57070325
272993456
21694999
14283179
166367400
19090325
233545444
133107913
432197728
114565944
509834197
367132730
188723620
431100977
168349425
105951008
193242657
483320540
44535562
74296189
159706368
66718325
150311504
308911295
265215490
103672669
169712849
81672991
120835716
179828477
178127749
470899539
123200613
21791774
102102139
19086867
227360561
50719071
21607766
124350170
103817317
284056222
199043019
238092288
280775817
238372615
123211533
28812240
46618664
246086425
111209392
172404513
195978016
12995034
201959478
104109339
104382824
18379456
155834413
14518497
38668205
224185116
204333189
25786219
241795191
138443783
51467318
25965152
51575987
20515716
12784172
243668844
118488859
11790248
144616030
112829042
250974874
196031768
21642231
126392928
19198205
8459624
39640903
103860629
80551589
32266045
170106540
68605088
202903071
125641256
370026751
5458766
98708373
7289160
182139027
292158727
198881686
140016268
90527544
39444991
231503772
54509526
63965332
122531918
233353830
115627465
196073188
306537752
175051834
37162474
83290234
101857683
83950848
6276985
121510602
75381037
55442645
92009096
66036748
61031159
172354177
189225697
139252754
101158432
54572251
101390581
129733748
160224258
198904460
29508040
22623394
53768203
298253190
58607455
130607293
44797100
1325060
25241878
87637333
225410301
173486856
412889737
117934295
183770745
126968929
506158560
337387942
311984541
56731090
38003179
206134581
114697659
98926942
250626454
50910368
28916233
514118881
107469697
148565897
76152685
64944098
11717552
13119927
68929449
253038030
138000669
100340321
134391731
125338804
131740345
94968505
190852594
118408276
86805207
90147967
155830475
69520125
104351571
3067121
9548564
37149989
181108384
255976953
54506811
19605613
152937948
60822280
142882474
65034171
51377801
177772863
189174481
120168047
121222499
35705148
61633551
15585129
1215614
40800920
15244728
3849649
963709
163139437
400982356
295950
115293987
131596149
160279223
54143928
124685686
190565241
26797183
14729484
58922514
53759423
139086567
390631967
1061521
148889264
118789304
6627791
22763964
92097582
51962823
146445791
131189622
198968394
162746753
252520504
39571564
79600466
158898905
9129547
10156947
32456381
130397732
236994130
87674358
68107508
227354085
412277381
175903613
218386369
72924288
114708391
448316468
69858250
149642294
260627935
119821299
65133147
206608992
397512952
189157127
83020333
57580271
295569038
163525410
178752620
235750023
214089453
152230983
68470785
274884029
376979581
3995849
14948033
117818677
41822039
437879547
281354720
129739877
190117035
9969463
6207613
104941045
87260036
63274357
10319099
53675522
218650147
220521940
2033568
9516072
35256357
232917710
131183763
203177596
159703533
86597083
64036884
53978691
104297470
89278800
21292737
174454109
48329182
12081067
114680047
113915009
21592617
339913014
326034013
231396008
215847560
384780916
194436276
178575581
27838852
170696728
267694070
252469330
277764076
233197836
169832362
264242435
199211324
210053340
124101282
150125962
17336090
265214821
429896799
108876580
88319640
189034132
179926128
170670980
108450618
25064516
156102100
230713956
80470376
226920384
4518204
16681314
61927302
121877111
228436864
99096014
68521424
330750114
183954725
411325957
140958058
253259260
484958116
414451515
229805708
507500362
325017906
242941385
63521108
53502776
48552046
172943379
37889200
74990955
155552493
84707287
25063948
97865215
77464772
127774873
168105114
29418888
271713306
435352319
233194912
12586009
18681107
74032757
89193734
324085064
54405807
376362837
16219409
64913126
57960951
45931845
185159643
42409793
266529512
127617944
14332564
61459024
72901543
8435178
32349168
130784751
34137421
134145478
201249441
219325033
115772067
182207912
480424
57967214
79642400
211583696
456330243
139152646
271293598
189416036
329626063
339426739
141955767
154670737
112544023
212800889
569665877
576714871
489826147
36905203
145902172
83348103
224637043
341893965
49977372
76559428
135799433
108214034
96483519
236448427
466081836
329650108
243482377
114826262
85333638
16405080
35259170
152826541
133852537
389983275
435824237
541467427
32275935
133902072
252879218
274343333
258548426
15320311
497751789
350997553
331626844
251292868
111044048
67535122
159306300
8461172
33857183
137972322
191701407
35174205
145389421
118406004
194624420
297170555
350033717
72850586
48611292
48029714
206578319
89153060
78560733
30767438
475510933
16752947
54217703
95608268
187397697
232255728
242123024
264598269
281916666
320513866
125729948
160988294
196769413
208784840
319513522
348914462
42704640
172263808
37479451
58153594
362809065
25931282
37948600
207825236
389985234
170556478
14530016
401765786
72197843
86459900
184383877
201740622
129538185
498682920
246236460
108222373
130346149
139777016
93636092
158061910
235509209
177575452
235172938
478542170
179360992
54774474
200904172
7121717
80465902
110530533
121825497
131601716
500078715
43622008
171741085
189034071
98988513
253705160
5231082
2596257
429416010
409805580
134746817
138300847
74506001
87697183
319268263
242104729
154731742
477533726
285720393
177795119
262179857
117397050
29883639
50675168
216901951
292139122
3002432
360289981
250556556
203854484
244104595
225370028
84587314
39023497
304728960
370284193
281510625
140007265
153687606
399491695
381828231
252211792
113126374
354803751
268381706
52877108
153693578
418430917
382085005
217350137
176931156
267514628
332471593
181830563
190343049
116584666
99217867
97180019
46305960
228980904
208669250
82630712
8345415
201925466
185322609
207296054
291834063
214136884
2363425
70188685
441348362
194212173
161427219
188108137
246346819
161546868
100603849
9963450
220743524
88671804
96265135
41492033
79838170
151617910
457886759
44957114
162907502
140144466
116946086
211429639
19085418
201793048
135897646
52713452
165676401
26843163
105174414
126974835
108979313
58853220
20495184
127212868
100950049
147599299
66637021
50738196
56964311
152672349
199574526
258556554
115021665
63735809
25703284
30293713
91787335
36461808
147240162
231585489
361212274
380181343
25942717
177340006
34176270
57710763
54069953
102542891
59350125
79901757
71408120
150928398
65799459
158029725
221747679
162792860
228125015
89757164
31142780
121067989
349167046
101059841
330549103
1449029
268529856
408054073
114257039
124841823
78289602
48090161
29479803
93740515
82699972
345738006
336245392
153132979
189363592
23448902
300237576
139840786
93864006
17301948
123927104
255657132
109475501
113990150
269061676
4895797
295533671
139542123
202581073
227065362
149317683
62993370
298089615
311104090
362293460
228238535
253466528
254176619
87882742
52253632
24547664
161775268
254096408
121179508
105395658
97480907
129388337
184245826
186925764
230340062
202192048
81588463
33770155
159517847
200322077
280567747
28256062
22592707
170422523
450623777
535777883
101919459
16981490
71112246
183172192
9924973
178572322
126347186
65398630
82007957
324255109
274105989
261773945
80287236
269575870
101996542
53128066
204705522
201182942
150704075
162927171
36224849
54592978
90230408
269859622
78927150
229905968
328498010
184887957
145602682
177292268
303521671
66425828
214521689
134419529
186266664
252313450
158779880
57288129
59297923
56198538
83198260
111642608
17365468
15620467
120227201
194232753
56968214
232681541
294002981
6272468
24750701
96138548
217477136
16781782
234626689
228338908
72971611
14391456
112122558
66715493
166862557
128307350
124385120
50767433
184296282
349550930
200062574
332528866
167969520
12244089
6729847
27246841
39801227
28800266
16193733
88322756
157486618
187426765
248250487
336521667
279516217
200817558
174418964
124290086
102914688
182976274
52514520
2089324
16945254
148579762
456566477
153355835
1683556
5305887
15670818
59248554
237969981
426635039
333324300
261665103
135028511
90024108
328621127
154528298
70877559
357559425
405896935
197277848
256508624
259077183
205393460
198852408
325036320
472033772
206862357
156336043
247613981
375409991
200215007
316091482
131534400
156975990
70502189
178283552
275719379
50753937
102971818
233334089
35218880
290143774
279059978
409780448
405844441
27409188
151185551
128381854
190769437
183433240
172117196
330662876
118969617
120954098
334174341
693234439
481189170
417986976
30062360
125820326
31377784
154358261
380346410
212472633
2060940
8254197
121263975
164160603
113569313
318833796
248429623
46171410
9201733
202613785
30050033
123335845
54900068
305001789
444528605
35762951
11632686
407169905
90123599
78507781
34431198
104126380
294356867
129509334
494685891
376376735
114613456
365975407
85465790
42905387
17546701
14152203
173405613
74238838
153120661
43659411
335269141
98398694
34725526
11016358
186199465
116650565
76866636
114980393
8195775
345767397
139518249
13800694
5236890
29109387
153752852
72988250
47670424
33725083
347167998
151310459
136036761
170205396
100892074
26077729
295692808
203709037
125526290
209880153
179958457
262559007
47171143
110439989
88566089
39297032
102842008
369202441
370674551
193178047
74127215
118868330
148975035
150086308
135600244
24343252
78562548
159497099
72521018
79204738
26082306
149344239
93300799
83171555
224786738
68186483
115640002
679535245
139941273
176537086
92383539
109461673
119141114
228691531
89362295
194743543
115370815
35074722
785671
28194517
121653468
405498052
130982683
79663232
130036760
84892298
333561643
160161520
166271064
242744067
397086938
267301954
67186972
358702844
1054742
172492253
201185965
315935907
261057773
166930216
170337006
67585366
34320070
44535921
312340431
525094963
517473144
161350481
65209886
209537999
344754254
279851373
230481005
107905773
294327561
212269929
165554023
88417043
434738639
298577161
277590030
171344984
124883446
251837460
177350631
89063892
250725922
226190612
454338897
164556520
148357571
72544678
145578833
234407561
116382380
86489153
64962731
852653
61406558
78953505
21840130
363136711
278003473
234404133
167139822
84356865
198486074
468877183
517848939
179959201
115108914
165255082
489866518
9020275
204187946
63123423
153072845
217873560
454095396
387182572
77282570
101837155
40705938
143599828
97624417
224954789
134912278
122401295
65289746
69334893
59519566
283116529
434757189
75763460
62571022
44212435
31879337
187930127
72920974
83082965
53856300
81759586
36014743
271273532
289676850
220221628
159251956
252993055
151866944
230958762
43013954
111522148
68240923
13844870
158456308
166133967
170484573
123932234
310782600
75165091
338927367
485861653
477446574
113662486
105273389
18036172
945615
3382725
38766020
3153772
129613526
27832241
80068646
29453190
178460729
68374355
31987786
3498677
39161612
162790214
56618036
9305624
76602118
159488978
132775154
99293479
7200747
27393531
368539590
57715230
135979519
67506084
164124403
163285213
217445986
153274589
452483604
171912696
239793834
102649279
275384346
113799748
245205601
80067826
40693536
405160605
194506166
16828588
1914991
12500220
62630851
206126048
118141985
138131482
138787633
112413942
79013610
62836585
201250221
6764641
32567059
180910610
86164105
53914146
272405556
288102641
39732113
107274031
208280249
206822180
44209652
224640886
14844793
248453115
264744014
267226685
40453827
98757594
138030923
15832539
23235814
90525463
73416167
43905872
5359503
230042005
16035488
81405981
97975524
109427559
181224090
238245816
265293885
245312860
370092900
192486455
38119522
79384770
114871469
108837219
15725116
5793036
25072476
391588944
185406253
93364267
248995791
88110879
119083861
196308738
24644356
43593616
61039617
47423777
193823939
21995345
228415297
135306758
311530129
132678491
65375008
27655363
188607002
49547524
184836721
212263163
49868903
58598825
103337072
280607050
47272366
268547895
124282746
160340148
56111739
45541117
230953630
251472975
518110517
516448713
367928476
425429602
374706634
486235768
495487223
27326450
119546947
168182422
217451673
136118796
54598647
401654471
104548513
46396499
70563183
50473651
177914119
162722284
209183897
209895722
36328556
50387217
95862521
96831592
190322823
11543823
393165437
305362598
142694430
306193884
37955584
47573951
188256410
250046851
79628628
164299061
134098655
433486981
95250186
99635957
364107006
270503232
107035044
100963502
83996090
249516272
132239734
156747120
190949132
307361902
153102842
100350844
175099145
178165489
289975063
244494465
122977783
31651174
75868928
128094319
161765042
207986390
109675076
218293074
43677287
61664628
9575510
37007415
73930404
415855508
139802532
96683475
74689926
313300258
164767307
27546235
48433453
188581047
16198383
155722785
194811325
205279732
50630503
312273545
298951344
154667603
36251202
447473597
66489042
51167776
160986167
19158827
149633596
193173432
65084262
179406087
145555733
147197606
149547540
86908887
209923225
385112369
83947628
268631160
347374725
175817235
100581965
223398529
195454614
39326902
427317411
151960993
1446234
1380291
185305795
495439746
56950659
106221471
409656985
215181708
211494977
187826334
107606072
151960528
219463873
42412230
5018352
336613891
18504353
114283615
64435782
147800603
244085551
82256629
13297731
226832812
149086883
4440361
81482402
106115527
173135416
10531168
37653583
38827092
185041347
136767551
142344419
138373754
259702543
22519213
37326140
1014222
459977632
111026174
84813907
213807992
312908252
48592722
21734109
28804778
241278007
132838929
171195808
103311818
235226786
203697004
181411126
88408592
274426200
2484730
6848266
181886002
160505814
26475441
46535482
104873193
104002484
135680520
93876479
27745303
149228413
74988952
133778548
31370434
129947680
259265762
16007323
457815731
7002417
140480454
150302982
76584487
2353437
14925517
298100317
10258672
161682845
182095084
56932719
133922384
16755740
118951608
154546783
191277676
453184916
191102649
174559459
272734813
425365508
231421675
163655296
2570542
56209848
114318488
40327539
36961213
239805603
58964869
12602053
312911966
196756203
172920679
433026504
75832546
183221434
205867067
129559574
61523578
93659186
123837801
216081422
388211874
512753881
6351227
287029783
41855199
243236192
153573544
63444282
177323600
154005089
159140518
233201118
223389626
91308004
112376719
20575196
265321954
2708095
200722907
261611979
266138841
43483511
5817870
91990098
433242470
107875566
29520494
254191171
97155936
154384007
35142647
